315776
PG:RC  1:1435268781
ctime:2015-6-26 05:41:58
title:今日视点，第478期
text:新闻天天发生，视觉各有不同，欢迎走进今天的今日视点.
临沂新增三对列车保运力
本报6月24日讯 (记者杨帆 通讯员王洪余 孙佃建) 记者从临沂车务段获悉，今年暑运时间为7月1日至8月31日，共62天。据预计，段管内临沂、莒南、平邑等12个车站客流以学生流、探亲流、旅游流为主，集中在济南、青岛、北京等方向。客流高峰将出现在7月上旬、8月下旬，届时日发送旅客有望在15000人次以上，比日常增长35%。
临沂车务段暑运期间将增开2对临客、1对图定列车，具体到开时间为：1.北京～日照K4603/K4604次临客1对。北京至日照K4603次，临沂9：06到、9：14开；日照至北京K4604次，临沂14：40到、14：45开；2.西安～日照K4918/5K4916/7次临客 1对。西安至日照K4918/5次，西安15：50开，临沂11：12到、11：16开，13：25到日照；日照至西安K4916/7次，日照14：25开，临沂15：55到、15：59开，12：28到西安；同时，7月1日铁路调图，新增图定普通旅客快车威海～菏泽5042/39、5040/1次。运行时刻，威海～菏泽5042/39次，威海开19：40，临沂4：31到、4：34开；菏泽～威海5040/1次菏泽9：19开，临沂13：37到、13：40开。  


uname:爱家贝利
sec:灌水拉呱
ro:0
uid:5777
uid:5777
text:收买被拐儿童拟一律追刑责
全国人大常委会24日再次审议刑法修正案(九)草案。草案二审稿修改收买被拐儿童可免追刑责情形的规定，改为满足一定条件可从轻处罚。这意味着今后收买被拐儿童的行为拟一律被追刑责。
现行刑法第二百四十一条规定：收买被拐卖的妇女、儿童，按照被买妇女的意愿，不阻碍其返回原居住地的，对被买儿童没有虐待行为，不阻碍对其进行解救的，可以不追究刑事责任。刑法修正案(九)草案初审稿将对上述行为的处罚修改为“可以从轻、减轻或者免除处罚”。
全国人大法律委员会主任委员乔晓阳在就修正案草案修改向全国人大常委会作说明时表示，有的常委会组成人员、部门和地方提出，收买被拐卖的妇女和收买被拐卖的儿童情况有所不同，在刑事政策的掌握和处罚上应有所区别，对后一种情况减轻或者免除处罚应当慎重。
鉴此，草案二审稿修改相关条款为：收买被拐卖的妇女、儿童，对被买儿童没有虐待行为，不阻碍对起进行解救的，可以从轻处罚；按照被买妇女的意愿，不阻碍其返回原居住地的，可以从轻、减轻或者免除处罚。
“医闹”也将入刑
当前社会上“医闹”事件频发，严重扰乱医疗单位秩序。草案二审稿将以医患矛盾为由，故意扰乱医疗单位秩序，严重侵害医护人员身心健康的行为明确规定为犯罪，将其纳入刑法罪行。草案明确：聚众扰乱社会秩序，情节严重，致使工作、生产、营业和教学、科研、医疗无法进行，造成严重损失的，对首要分子和其他积极参加的，追究刑事责任。
在国家考试中替考或入刑
草案拟规定，代替他人或让他人代替自己参加法律规定的国家考试，处拘役或者管制。
刑法修正案(九)二审稿提出，在刑法二百八十四条后增加一条，作为第二百八十四条之一：“在法律规定的国家考试中，组织作弊的，处三年以下有期徒刑或者拘役，并处或者单处罚金；情节严重的，处三年以上七年以下有期徒刑，并处罚金。为他人实施前款犯罪提供作弊器材或者其他帮助的，依照前款的规定处罚。为实施考试作弊行为，向他人非法出售或者提供第一款规定的考试的试题、答案的，依照第一款的规定处罚。”
此外，草案还规定，“代替他人或者让他人代替自己参加第一款规定的考试的，处拘役或者管制，并处或者单处罚金。”
虚假诉讼或入刑
记者获悉，草案拟规定，捏造事实提起民事诉讼的，严重妨害司法秩序的或将入刑。
根据刑法修正案(九)(草案)二次审议稿，在刑法第三百零七条后增加一条，作为第三百零七条之一：“以捏造的事实提起民事诉讼的，严重妨害司法秩序的，处三年以下有期徒刑、拘役或者管制，并处或者单处罚金。有前款行为，非法占有他人财产或者逃避合法债务，又构成其他犯罪的，依照处罚较重的规定定罪从重处罚。”
草案还规定，“司法工作人员利用职权，与他人共同实施前两款行为的，从重处罚；同时构成其他犯罪的，依照处罚较重的规定定罪从重处罚。”
校车超载拟增入危险驾驶罪
值得注意的是，草案二审稿对危险驾驶罪进行修改补充，将从事校车业务或者旅客运输，严重超过额定乘员载客，或者严重超过规定时速行驶的；违反危险化学品安全管理规定运输危险化学品，危及公共安全的情形规定为犯罪。同时，草案二审稿对客运车辆、危险化学品运输车辆危险驾驶罪负有直接责任的机动车所有人、管理人也相应增加规定追究刑事责任。
本版综合新华社等报道
我国拟立法实行宪法宣誓制度
全国人大常委会24日开始审议关于实行宪法宣誓制度的决定草案。根据草案，中国拟以立法形式正式规定实行宪法宣誓制度。
此次全国人大常委会的决定草案将宪法宣誓制度适用的范围予以扩大，将“一府两院”(各级人民政府、人民法院、人民检察院)任命的国家工作人员纳入进来。但草案暂未将全部公务员纳入该制度的适用人员范围。根据决定草案，全国人民代表大会选举或者决定任命的中华人民共和国主席、副主席，全国人大常委会委员长、副委员长、秘书长、委员，国务院总理、副总理、国务委员、各部部长等，在依照法定程序产生后，举行宣誓仪式，由全国人民代表大会会议主席团组织。
决定草案还提出了65个字的誓词，适用于所有宣誓人员。这65字誓词为：“我宣誓，拥护中华人民共和国宪法，维护宪法权威，履行宪法职责，恪尽职守、廉洁奉公，忠于祖国、忠于人民，自觉接受监督，为中国特色社会主义伟大事业努力奋斗！”  


un:爱家贝利
au:True
time:2015-6-26 05:42:24
ro:1435268544
uid:5777
text:高考发榜了！你考得咋样？一本线：文568分，理562分 二本线：文510分，理490分
本报6月24日讯 (记者金成远)经过半个月的焦急等待，24日下午，考生们终于如愿查询到自己的成绩，我省各批次录取分数线也随之公布，其中本科一批录取控制分数线文科为 568分，理科为562分，分别较去年降低了 11分和10分。
24日下午4点，我省举行2015年普通高考第二次新闻发布会。省教育招生考试院院长助理、普招处处长张志刚介绍，今年全省共有试卷2183852份。其中语文、数学、外语3科均为545963份，文科综合为234394份，理科综合为311569份。
在评卷中，答题卡扫描与卷一阅卷由省考试院统一组织，自6月9日接收试卷，至6月11日扫描工作结束，6月14日完成全部质量检查和卷一阅卷工作。共完成扫描答题卡3275981张。卷二评卷工作于6月11日至20日进行。所有科目均采取网上评阅方式。卷一和卷二数据汇总工作自6月21日开始，至24日上午顺利结束。
今年，我省本科一批录取控制分数线按招生计划1∶1.2的比例划定。高校自主选拔录取不低于本科一批录取控制分数线。自主选拔录取测算分数线按招生高校在我省调整后招生计划1∶1的比例确定。
本科二批录取控制分数线分2次划定：第1次，根据高考成绩分段人数统计表，按照本科招生计划1：1.1的比例，分科类确定普通文、理类本科二批录取控制分数线。第2次，在考生填报第二次征集志愿之后，在有效生源范围内，以第一次公布的本科二批录取控制分数线为基准，按征集计划数1∶1进行计算(含服从调剂考生)，确定本科二批录取控制分数线。
专科(高职)批录取控制分数线根据生源及招生计划一次性划定。
发布会上还公布了今年我省各批次分数线，其中本科一批分数线为：文科568分，理科562分，分别比去年降低了11分和10分；本科二批录取控制分数线为：文科510分，理科490分。公安类专科录取控制分数线为本科二批线下10分。直招士官最低录取控制分数线文、理科均为180分。体育专业文化分数线为本科377分。高水平运动员分数线为文科510分、理科490分。艺术类本科文化分数线为艺术文332分，艺术理319分。
今年我省高考集中录取阶段分5个批次进行，依次为提前批、自主招生批、本科一批、本科二批、专科(高职)批。自7月2日开始，至8月15日结束。9月10日开始进行高等职业学校注册入学试点录取工作，9月15日结束。
温馨提示：
本报今年继续开通助考热线
时间：6月25日9：00—11：00
今年沂蒙晚报将继续邀请高考志愿填报专家“助力高考”，25日上午，本报将开通三部“助考热线”，邀请临沂大学、临沂一中和临沂涑河实验学校具有丰富高考志愿填报经验的专家做客晚报，接听考生和家长的电话咨询。
本次活动三部咨询电话分别为文科8966100、理科8966121、临沂大学8966126。咨询时间为上午9点至11点。考生和家长可根据自己的实际情况拨打电话向专家请教。
分数段 文史 理工
本段人数 累计人数 本段人数 累计人数
708 0 0 29 29707 0 0 7 36706 0 0 3 39705 0 0 9 48704 0 0 8 56703 0 0 10 66702 0 0 9 75701 0 0 14 89700 0 0 13 102699 0 0 14 116698 0 0 18 134697 0 0 15 149696 0 0 18 167695 0 0 26 193694 0 0 25 218693 0 0 21 239692 0 0 33 272691 0 0 30 302690 0 0 26 328689 0 0 28 356688 0 0 36 392687 0 0 34 426686 0 0 50 476685 0 0 54 530684 0 0 60 590683 0 0 64 654682 0 0 57 711681 0 0 72 783680 0 0 65 848679 0 0 82 930678 0 0 95 1025677 0 0 74 1099676 0 0 85 1184675 0 0 81 1265674 0 0 88 1353673 0 0 95 1448672 0 0 117 1565671 10 10 116 1681670 2 12 131 1812669 4 16 114 1926668 3 19 147 2073667 2 21 135 2208666 2 23 149 2357665 4 27 148 2505664 3 30 174 2679663 5 35 195 2874662 5 40 180 3054661 8 48 183 3237660 4 52 189 3426659 7 59 201 3627658 11 70 223 3850657 12 82 225 4075656 14 96 226 4301655 14 110 227 4528654 12 122 222 4750653 9 131 232 4982652 12 143 248 5230651 12 155 288 5518650 17 172 285 5803649 24 196 280 6083648 15 211 345 6428647 13 224 299 6727646 20 244 307 7034645 22 266 318 7352644 27 293 310 7662643 28 321 314 7976642 42 363 361 8337641 31 394 347 8684640 26 420 338 9022639 36 456 394 9416638 34 490 390 9806637 38 528 428 10234636 46 574 417 10651635 37 611 433 11084634 44 655 426 11510633 54 709 468 11978632 61 770 463 12441631 68 838 449 12890630 61 899 513 13403629 62 961 527 13930628 54 1015 482 14412627 67 1082 500 14912626 79 1161 522 15434625 100 1261 458 15892624 71 1332 516 16408623 90 1422 549 16957622 90 1512 568 17525621 111 1623 567 18092620 98 1721 548 18640619 120 1841 584 19224618 117 1958 597 19821617 118 2076 587 20408616 124 2200 651 21059615 120 2320 634 21693614 141 2461 588 22281613 130 2591 702 22983612 151 2742 642 23625611 131 2873 695 24320610 140 3013 692 25012609 160 3173 695 25707608 162 3335 689 26396607 157 3492 713 27109606 160 3652 746 27855605 199 3851 711 28566604 194 4045 742 29308603 187 4232 762 30070602 181 4413 798 30868601 222 4635 776 31644600 229 4864 794 32438
599 243 5107 800 33238598 223 5330 869 34107597 254 5584 852 34959596 241 5825 841 35800595 259 6084 894 36694594 271 6355 864 37558593 237 6592 912 38470592 284 6876 883 39353591 286 7162 899 40252590 277 7439 882 41134589 285 7724 898 42032588 312 8036 881 42913587 287 8323 983 43896586 325 8648 994 44890585 316 8964 911 45801584 340 9304 937 46738583 341 9645 953 47691582 333 9978 961 48652581 330 10308 1054 49706580 370 10678 1042 50748579 355 11033 975 51723578 372 11405 999 52722577 403 11808 1049 53771576 379 12187 998 54769575 345 12532 1067 55836574 395 12927 1073 56909573 389 13316 1029 57938572 406 13722 996 58934571 353 14075 1044 59978570 462 14537 1039 61017569 446 14983 1107 62124568 458 15441 1074 63198567 444 15885 1166 64364566 408 16293 1131 65495565 457 16750 1090 66585564 478 17228 1147 67732563 460 17688 1063 68795562 489 18177 1082 69877561 494 18671 1158 71035560 446 19117 1116 72151559 473 19590 1105 73256558 503 20093 1167 74423557 539 20632 1163 75586556 561 21193 1155 76741555 504 21697 1178 77919554 494 22191 1102 79021553 508 22699 1240 80261552 548 23247 1179 81440551 559 23806 1152 82592550 541 24347 1186 83778549 557 24904 1128 84906548 532 25436 1192 86098547 560 25996 1266 87364546 569 26565 1164 88528545 554 27119 1217 89745544 583 27702 1157 90902543 574 28276 1231 92133542 600 28876 1280 93413541 535 29411 1254 94667540 578 29989 1176 95843539 547 30536 1175 97018538 565 31101 1147 98165537 613 31714 1179 99344536 546 32260 1269 100613535 599 32859 1207 101820534 584 33443 1250 103070533 570 34013 1225 104295532 570 34583 1226 105521531 577 35160 1176 106697530 574 35734 1200 107897529 572 36306 1214 109111528 578 36884 1228 110339527 595 37479 1246 111585526 563 38042 1298 112883525 574 38616 1218 114101524 603 39219 1213 115314523 632 39851 1226 116540522 584 40435 1184 117724521 604 41039 1240 118964520 622 41661 1240 120204519 621 42282 1199 121403518 586 42868 1276 122679517 617 43485 1207 123886516 586 44071 1241 125127515 548 44619 1185 126312514 541 45160 1166 127478513 603 45763 1242 128720512 592 46355 1099 129819511 562 46917 1174 130993510 604 47521 1128 132121509 1159 133280508 1129 134409507 1146 135555506 1172 136727505 1157 137884504 1130 139014503 1164 140178502 1128 141306501 1162 142468500 1163 143631499 1106 144737498 1088 145825497 1079 146904496 1123 148027495 1103 149130494 1080 150210493 1104 151314492 1124 152438491 1091 153529490 1055 154584  


un:爱家贝利
au:True
time:2015-6-26 05:43:14
ro:1435268594
uid:5777
text:分数线浮动10分在意料之中专家分析：填好志愿避免“滑档”
在24日公布的高考各批次分数线中，本科一批和本科二批的分数线尤为受到关注，不少老师表示，今年的分数线在意料之中。与往年不同的是，今年我省直接公布了二本线，而没有划定军检线，临沂一中副校长表示，这样划定对考生填报志愿更有指导意义。
临沂涑河实验学校高三年级主任刘锋：今年的一
本线比往年略有下降，但也属于正常的范畴，在意料之中。尽管今年的高考试题不少选择题难度有所降低，但语文写作、数学和理综的计算题有点难度，所以整体上试题难度比去年略有增加，这也是今年一本线比去年低的主要原因。
本科二批录取控制分数线分两次划定，其中第一次根据高考成绩分段人数统计表，按照本科招生计划1：1.1的比例，分科类确定普通文、理类本科二批录取控制分数线，也就是24日下午公布的本科二批分数线文科510分，理科490分，但这个分数线并不是最低录取分数线。如果一些高校在本科二批第一次录取时没有录满，在征集志愿时就有可能会降分。征集志愿后划定的分数线才是最终的本科二批最低分数线。
文科 2014 2013 2012 2011 2010 2009 2008一本 579 570 573 570 606 596 584二本 516 512 578 575 566三本 544 541专科一批 180 515 514专科二批 190 210 220本科军检 554 540 545 545 580 576 567
2008-2014年山东高考各批次分数线汇总
理科 2014 2013 2012 2011 2010 2009 2008一本 572 554 582 567 580 586 582二本 515 503 542 554 556三本 520 531专科一批 180 481 500专科二批 190 210 220本科军检 547 524 535 527 546 557 557
成绩如有疑问28日前可申请复查
考生本人如对所查询到的高考成绩有疑问，可按规定申请复查。复查范围仅限各题得分和全卷得分有无漏判、漏加、错加等，不涉及评分标准宽严程度的掌握。考生可在成绩正式公布之日到 6月28日期间申请复查成绩，逾期将不予受理。
集中录取阶段分7次填报志愿
6月28日，填报艺术类本科提前批志愿，艺术类本科一批第一次填报志愿，文理类本科提前批、专科提前批(含直招士官)志愿，春季高考本科提前批志愿，高水平运动员志愿。
7月5日，文理类本科一批、地方高校专项计划、体育类本科批第一次填报志愿，自主招生批志愿(含艺术特长生资格、部属高校专项计划资格)。
7月11日，填报文理类提前批征集志愿(含是否服从调剂志愿)。
7月21日，填报文理类本科一批、地方高校专项计划征集志愿(含是否服从调剂志愿)，艺术类本科一批、体育类本科批第一次征集志愿，文理类本科二批、春季高考本科批第一次填报志愿。
7月31日，填报文理类本科二批、春季高考本科批第一次征集志愿，艺术类本科一批、体育类本科批第二次征集志愿(含是否服从调剂志愿)。
8月4日，填报文理类本科二批、春季高考本科批第二次征集志愿(含是否服从调剂志愿)，文理类、春季高考、艺术类、体育类专科(高职)批第一次填报志愿。
8月13日，填报文理类、春季高考、艺术类、体育类专科(高职)批征集志愿(含是否服从调剂志愿)。
临沂一中副校长沙士锦:今年在数学等科目
上，一些难度题拉开了考生的档次，很多成绩较好的考生拿到了高分数，也拉开了与其他考生的档次。正因如此，今年高考高分考生数量比去年要多。
与往年不同，今年高考根据高考成绩分段人数统计表和招生计划，直接划定了二本线，这对于考生更具指导意义。往年的军检线涉及的考生人数很少，而本科二批才是高考录取中人数最多的批次，所以这样划定，考生在填报时更有数。
本科一批和本科二批一次分数线分别按 1∶1.2和1：1.1划定，也就是说会有部分线上考生“滑落”到下一个批次，所以线上的考生在填报志愿时，应该更慎重。  


un:爱家贝利
au:True
time:2015-6-26 05:43:44
ro:1435268624
uid:5777
text:18岁沂水男孩考了713分聪明+努力，他终圆北大梦想

图片
1

本报6月24日讯 （记者金成远）24日下午4点多，在焦急的等待中，沂水一中的考生刘镇源终于听到了好消息，713分。今年高考后，他还参加了北大的“博雅人才培养计划”，这样一来，他可以享受到降30分录取的优惠政策，离心中的北大梦越来越近。
从小学起，刘镇源的成绩在学校里就一直名列前茅，中考时他以全市第三名的成绩被沂水一中录取。为了能让儿子安心读书，原本就住在县城的父母在学校附近又租了一套房子，这样刘镇源每天下了晚自习后，就不用住校，而是回“家”休息。“取得这样的成绩，我觉得成功的诀窍就是聪明+努力。”谈起儿子的成绩，母亲孙永春这样说。
24日下午4点多，上班的孙永春和丈夫分别用电脑查询了儿子的成绩，“我第一次登陆的时候，没进去，第二次就查到了。”就在她查到成绩的同时，丈夫的电话也打了过来，两个人在电话里分享了这个喜讯。
而此时的刘镇源还在家里，打算等网络情况好点后再查成绩，接到爸妈打来的电话后，他显得很平静。“我后来又自己查了一遍，看到成绩后，心里的石头才落了地。”原来，虽然成绩一直很优秀，但高考后刘镇源并没有对着答案估算自己的分数，所以他对自己的成绩一直没底。
在查到成绩后，高兴的父母带着刘镇源专门去外面“撮”了一顿，还点了他最喜欢的清蒸鱼。“家里亲戚朋友都知道了，他们打电话向我父母道贺，我也觉得挺开心的，一方面考北大数学系一直是我的梦想，现在这个分数应该很有把握，另一方面也没有辜负父母的期望。”刘镇源说。“我是一个很有计划的人，每天早上上学的路上，就得想好今天要做什么。”与很多成绩优秀的学生一样，刘镇源的学习效率很高，聪明的他每天晚上回家，还会“加班”学习，“主要是把当天的知识点再巩固一遍，要不然我会睡不着。”
怎么保持良好的学习状态，可能是每一名优秀考生都会被问到的问题，刘镇源也分享了自己的放松“诀窍”，“在洗澡的时候，我会在客厅里打开电脑放歌听。边洗澡边听歌，心态很快就能放松下来。”
在短暂的兴奋过后，刘镇源很快就平静了下来，他对剩下的假期也做好了规划，“我打算和同学一起出去旅游，回来后再准备做些数学题，看看英语四、六级的单词，为大学生活提前做准备。”
我市首位盲人考生考了554分
乐观+坚韧，她终迎收获季节
本报6月24日讯 (记者金成远)
6月8日下午，19岁的金鑫在监考老师的带领下，面带微笑走出沂南一中实验楼一处独立考场。作为我市也是我省首位盲人考生，她考的怎么样呢？24日下午，记者了解到，金鑫今年的高考成绩为554分，比理科本科一本线低了8分。虽然是盲人考生，但在金鑫心里，她特别希望通过高考，能像普通考生一样被大学录取。
9岁时，金鑫因视网膜增殖性病变而双目失明，也就从那年开始，年幼的金鑫被送入临沂盲校，后来就读于青岛盲校，她和来自全国各地的盲童一起求学。
据了解，我国高等教育一直采取为盲人等残疾人单招单考的招考模式，由招收残疾人的大学单独命题单独考试。虽然在今年年初，金鑫参加了部分高校的单独招考，并顺利通过了长春大学等高校的录取线，但金鑫还是想和普通考生一样，参加一次夏季高考。
“她是个十分努力的孩子，也很要强，她非常希望参加一次高考。”金鑫的想法得到了父亲金云华的支持。而今年教育部针对残疾人参加高考的新政策也最终让父女俩的梦想变成了现实。
与普通考生不同，金鑫在参加考试时，除了单独安排的考场外，还配备了兼职引导员，考试中还有一位盲文教师作为辅助监考。此外，金鑫的考试时间，在常规时间的基础上延长50%，外语科目延长的考试时间中包含听力考试每道试题播放间隔也适当延长了时间。
4场考试全部结束后，金鑫脸上露出了胜利的微笑。她的努力和坚持也得到了应有的回报。虽然仅仅备战高考一年，但她仍考出了554分的成绩，其中数学成绩更是达到130分。“比理科一本线少了 8分，有点遗憾。”金云华说。
金鑫目前所学的专业是针灸推拿，刻苦的学习使她的成绩一直优异，她也通过了3所单招单考特殊高校的录取线。尽管可以通过单招单考上大学，但金鑫仍然期盼着能像普通学生一样，通过高考被大学录取。
“尽管国家出台了政策，但现在很多学校在教学和师资上，达不到开设相关的课程的条件。现在还不知道有没有学校愿意接收像她这样的考生。”金云华说，在查到成绩后，他会再打听，看看女儿是否有希望完成梦想，到普通的大学读书。  


un:爱家贝利
au:True
time:2015-6-26 05:44:10
ro:1435268650
uid:5777
text:分数出炉前，分分秒秒都是煎熬有些家长比考生还紧张
按照我省高招安排，24日下午4点后，考生即可查询成绩。从早上8点开始，不少家长就聚集在“沂蒙晚报助考团QQ群”里，开始了8个小时的等待。“老天也知道学子的心了，陪着一同哭呀。”尽管考生们这样调侃，但家长们却心急如焚，在忐忑中等着查询的结果。
“这几个小时简直就是煎熬”，24日一早，考生家长“冬天的海”便在群里感叹，而这句话也说出了很多家长的心声。由于距离成绩公布还有近8个小时，不少家长为了缓解心中的紧张感，在群里一边聊天一边消磨时间。“儿子昨天晚上说左眼皮跳了一天，我跟他说是好事，可是我还是比较紧张，就是想得太多了，想着儿子上个好大学，有个好工作。”家长骆女士坦言，这年头，只要肯吃苦，干什么都赚钱，可自己还是有种不想让孩子吃苦的思想。
由于成绩即将公布，骆女士一早就接到了不少电话，“今天早上已经有N个家人、朋友打电话问了，不问吧，我心里还好点，就像临考试那几天，没人问我还不紧张，而现在这么多人问，我又开始紧张了。”
临近下午4点，在查询通道正式开通前，群里的家长们又跟着紧张起来，“网站怎么打不开啊”、“电话显示是空号”……不过没一会，好消息相继传来，家长们的心情也终于放松下来。
儿子打趣：考不好就用面条上吊家长笑言：让暴风雨来得更猛烈些吧
585分，娃和家长的情绪瞬间“释放”
尽管和妈妈开玩笑说“考不好就找面条上吊”，但在没有查到成绩前，临沂四中的考生高天还是有些没底。由于考试第二天感冒，他一直担心自己发挥不佳，不过他没有辜负自己的努力，对585分的成绩也比较满意。
24日，妈妈上班，爸爸出差，一个人在家等待成绩的高天一会看看书，一会看会电视，但他很快发现精神根本集中不起来，每隔一会就会不自觉地拿起手机看看时间。终于等到下午4点，高天看到网络查询通道很拥挤，便等了半个多小时。4点40分，他试着用手机拨打了查询电话，很幸运电话一拨就通了。在心脏“砰砰”跳的节奏中，他听到了自己的成绩——— 585分。
知道成绩后，填报志愿便成了头等大事，“我想学应用数学和计算机专业，到上海或浙江的高校，但妈妈想让我报考省内的学校，说离家近点。”因为妈妈不在家，爸爸也还得过段时间才能回来，所以他打算再和家里商量商量，再确定去哪里上大学。
“我孩子今早还说，老天爷太知道学子的心了，陪着一同哭泣呀。”早上一起床，儿子高天便和刁玉华开起了玩笑。看到儿子这么轻松，刁玉华心里的紧张感也减轻了不少，“快点吃饭趁着成绩还没出来，否则下午会吃不下了。”结果儿子瞅瞅桌上的菜说等会。“不会吧，饭都吃不下了，那出来成绩会不会绝食？”儿子故作痛苦说道，“肯定会大哭一场，然后出去跳楼，要不就上吊，对了咱家还有面条吗？”
下午4点40分，刁玉华还是没等到儿子的电话，此时的刁玉华虽然人在工作岗位上，心情却有些忐忑，她盼着早些接到儿子的电话报成绩。10分钟后，儿子的电话终于来了，只不过电话那头略带哭腔，“妈，失误了，你得挺住啊。”听到儿子这么说，刁玉华并没有慌张，反而安慰儿子，“我能挺住，说吧，让暴风雨来得更猛烈些吧。”事实证明，这又是儿子的一个玩笑，他考了585分。对于这样的分数，刁玉华感到很满意。  


un:爱家贝利
au:True
time:2015-6-26 05:44:32
ro:1435268672
uid:5777
text:临港千余干部迎“大考”联系群众实际情况，“摇号”抽查

图片
1

本报6月24日讯 (记者唐丽丽) 与群众交朋友、结“亲戚”才能走进群众心里，真正为群众解决难题、办实事。24日下午2：30分许，临沂临港经济开发区践行“三严三实”深化“结亲连心”活动电话抽测现场会召开，千余名干部被现场随机抽查，当面或电话接受大会调查，重点是干部是否如实走到群众身边，及时回复反映群众提出的实际问题。
此次会议是临港经济开发区首次举行电话抽测现场会。坐在抽测现场会的有副县级干部、主任助理，各镇领导班子成员、中层以上干部，区直各部门负责人、全体联系干部，部分人大代表、政协委员、群众代表及媒体记者代表等，该区领导班子成员也在观众席就坐，与机关干部一样成为现场抽测的对象。
会议开始后，由评审团代表随机选号找出对应的干部，先由联系干部介绍此次“结亲连心”活动入户走访情况，然后现场连线，对走访情况进行核实。每次电话抽测现场会除抽查入户走访内容外，还对联系户对环卫一体化工作进行抽测。
“此次参加随机抽测选号的大众评审团包括人大代表、企业代表、基层群众代表等，让他们代表各层面随机从一般工作人、副科级以上干部、县级领导干部中选择联系群众的干部。”采访中临港区结亲连心办公室工作人员介绍，这样才能更好地抽测党员干部联系群众工作干得如何。
据介绍，今年5月13日，我市召开践行“三严三实”深化“结亲连心”活动现场会，按照市委、市政府工作部署，临港经济开发区在完善区联系服务群众信息平台的基础上，积极筹建民政、教育、计生、卫生、环卫等服务网络平台，最大程度的提升服务水平，提升群众满意度，开展了以落实“1+6”工作措施为主要内容的践行“三严三实”深化“结亲连心”活动。
活动开展以来，各镇在村级划分了联系群众网格，区经贸发展局在企业中与职工建立了联系服务网格，区市场监督管理局、城管分局在小微企业、沿街商铺与个体私营户建立了联系服务网格、区教体局通过学校与学生家长建立了联系网格、区卫生计生局在医院通过医生与医患病人建立了联系网格。
据统计，全区共计1328名干部，99人因病假、产假等原因未参加此次走访活动，其余1231名干部全部进行了入户走访，总计联系69402户群众，实现了“干部全参与、群众全覆盖”。据悉，2013年，该区建立了干部联系服务群众信息平台，把每个干部姓名、单位、职务、电话号码及联系户信息等基本情况录入系统平台，2015年以镇为单位，由各镇“结亲连心”活动办公室对联系干部信息录入情况再次进行了核实，确保了系统平台信息的时效性和准确率。
一个半小时抽测4名干部
“停！”随着坪上镇大山社区党总支委员薄夫松的喊停，临港区财政局工作人员刘艳成为第一个被抽中的。当天，刘艳由于工作原因未在现场，工作人员对其进行了连线。“我联系的是壮岗镇李家河子村，该村共有41户6名党员，20个没有联系方式……”电话那头，刘艳介绍了联系群众工作开展情况。随后，薄夫松又从41户村民中随机抽取了2名群众。“我在四川打工，跟妻子通电话时她经常提起有个小女孩到家里问家里有没有困难，还留下了电话号码……”“她叫什么名字，在哪工作您知道吗”“应该叫刘艳，是财政局的吧”……第一个被接通的是离家河子村村民许传磊，虽说常年在外打工，但对联系家里的“小女孩”刘艳并不陌生。
临港区交通运输局韩瑞是第二个被抽到的，双合村村民化明全是他联系的群众之一。电话连线中化明全说，现在村里安装了垃圾箱，配备了保洁员，环境变得越来越好。
抽测的一个半小时时间里，共随机抽取了4名联系干部，包括临港区党工委委员、管委会副主任刘国栋。每名联系干部随机抽取2户群众，共8位群众。从调查情况看，联系群众干部都进行了入户走访，群众也对此表示满意。  


un:爱家贝利
au:True
time:2015-6-26 05:45:02
ro:1435268702
uid:5777
text:兰山区开展水痘疫苗补种工作
本报6月24日讯 (记者高红红 通讯员石敏香) 记者从兰山区疾控中心了解到，目前正值水痘疫情发病高峰季节，兰山区个别学校、托幼机构出现聚集性病例，为遏制水痘疫情蔓延，切实保护少年儿童身体健康和生命安全，兰山区全面加强水痘防控工作，即日起在全区开展 15岁以下儿童水痘疫苗查漏补种工作。
据了解，兰山区各预防接种门诊实施水痘疫苗两剂次免疫策略(12-24月龄接种第1剂次，4-6岁加强1剂次)的常规接种服务。兰山区疾控中心提醒各位家长在自愿、自费(160元/支)的基础上及时给孩子查漏补种水痘疫苗。  


un:爱家贝利
au:True
time:2015-6-26 05:45:28
ro:1435268728
uid:5777
text:电动汽车实现高速路充电临沂供电建局45周年系列报道⑤
作为全省“两型社会”试点市和全省七个新能源汽车推广试点城市之一，临沂把发展绿色交通作为转方式、调结构、发展低碳经济的重要措施。为助力我市新能源的推广，近年来，国家电网临沂供电公司结合临沂有完整电动汽车产业链的实际情况，全力加快充电设施的建设步伐，自2010年至今，累计建成11座纯电动汽车充换电站，建成电动汽车充电桩224台。
“临沂模式”电动汽车“异军突起”
作为一个三线城市，在发展新能源方面，临沂与国内众多一线大城市相比没有任何优势可言，但临沂市委、市政府发展新能源产业的愿望却非常强烈。近年来，我市把加快培育发展电动汽车产业作为“转方式、调结构”的突破口，把发展绿色公交作为建设“两型”社会、发展低碳经济的重要举措，列为“一号工程”，在纯电动汽车的研发生产、充换电站建设和运营上先行一步，走在全国前列。
2010年，临沂市作为山东省政府确定的全省七个新能源汽车推广试点城市之一，在新能源车辆购置、充电站建设等项目上没有取得国家和省财政补贴的情况下，全部由市财政补贴，投入大量资金用于城市公共交通事业发展。政府筹资购买本地企业生产的电动汽车，交由公交公司运营，并对供电公司建设充换电设施给予大力支持，形成扶持电动汽车生产企业发展、保证电动汽车正常运行、实现节能减排绿色发展的良性循环，在新能源车辆发展上探索出了一条“临沂模式”。
临沂电动汽车充电设施是国家电网公司智能电网建设的第二批试点项目，临沂供电公司了解到市委、市政府大力扶持电动汽车产业发展的战略决策后，主动加强与市政府的沟通联系，全力以赴加快电动汽车充电设施的建设，后来居上，为电动公交车的快速推广铺平了道路。
电动汽车可以上高速路充电
按照国家电网公司“统一标准、统一规范、统一标识、优化分布、安全可靠、适度超前”的原则，临沂供电公司攻坚克难，用时56天，于2010年6月23日建成投运了焦庄充换电站。该充换电站是山东第一座也是目前国内技术最先进、规模最大的电动汽车充换电站。随后临沂供电公司又马不停蹄地分别于2010年10月10日、11月15日建成投运了河东巩村、兰山义堂、北城新区充电站，同时在部分社区、大型商场停车场、营业场所安装了85个交流充电桩，在临沂市区构成一个以“四边形”大型充电站为主体、充电桩为辅的电动汽车充电网络，为电动公交车的成功运营和电动汽车在全市的推广应用奠定了坚实的基础。
2011年6月14日，临沂供电建成投运了全国首个智能充换电服务网络集中监控中心，对全市各充换电站进行集中监控管理，统一调度纯电动汽车充换电作业情况。2011年6月30日，国内第一座县级电动汽车充换电站——— 临沂沂南向阳电动汽车充换电站竣工投运，临沂的电动公交线路延伸到县级城市。2014年12月20日建成投运G2京沪高速公路临沂、郯城、沂南三个服务区6座电动汽车城际快速充电站，可同时满足24辆纯电动乘用车的充电服务需要。
据了解，截至目前，临沂供电公司累计建成11座纯电动汽车充换电站，建成直流充电桩139台，在建离散直流充电桩50台；建成交流充电桩85台。
市民可自行安装充电桩
记者在临沂供电公司了解到，目前我市已有纯电动公交车170辆，截止到2015年6月24日，累计行驶里程2602.3万公里，累计充换电274119次，累计消耗电量2940.6万千瓦时，临沂智能充换电站服务网络已安全运营1827天。
电动公交车显著的经济效益和社会效益，是公交公司大量采用电动公交车的内在动力。以一辆公交车日运行200公里计算，电动车耗电220千瓦时，柴油车耗油78公升，每辆电动车每年可节约11.64万元，运行费用仅为柴油车的34%。电动公交车完全靠电力驱动，没有燃料消耗，实现了尾气零排放、零污染。1000辆电动公交车每年可减少二氧化碳、二氧化硫、氮氧化物排放分别达19585吨、130吨、123吨，可有效改善城市空气质量。同时，电机工作噪音低，传动系统结构简单，大大降低了车内外噪音，改善了驾乘条件，减少了对行人和环境的影响。
为了更好地推动新能源车辆的发展，2014年5月27日国家电网公司宣布，全面开放分布式电源并网工程与慢充、快充等各类电动汽车充换电设施市场，包括外资在内的所有社会资本均可参与分布式电源并网工程建设，以及电动车充电桩、充电站建设。目前我市电动汽车用户只要有停车位和物业许可，就可自行安装充电桩。  


un:爱家贝利
au:True
time:2015-6-26 05:45:59
ro:1435268759
uid:5777
text:再见吧。下期间。。。。。。。。


un:爱家贝利
au:True
time:2015-6-26 05:46:21
ro:1435268781
